0 0.591146 0.705729 0.005208 0.005208
0 0.372396 0.700521 0.005208 0.005208
0 0.359375 0.703125 0.010417 0.010417
0 0.617188 0.695312 0.005208 0.005208
0 0.299479 0.695312 0.005208 0.005208
0 0.622396 0.684896 0.005208 0.005208
0 0.299479 0.669271 0.005208 0.005208
0 0.320312 0.638021 0.005208 0.015625
0 0.320312 0.520833 0.005208 0.208333
0 0.617188 0.414062 0.005208 0.005208
0 0.304688 0.408854 0.005208 0.005208
0 0.622396 0.398438 0.005208 0.005208
0 0.304688 0.398438 0.005208 0.005208
0 0.294271 0.393229 0.005208 0.005208
0 0.617188 0.388021 0.005208 0.005208
0 0.315104 0.388021 0.015625 0.005208
0 0.294271 0.382812 0.005208 0.005208
0 0.322917 0.372396 0.020833 0.015625
0 0.466146 0.531250 0.307292 0.343750
