0 0.861979 0.408854 0.005208 0.005208
0 0.559896 0.408854 0.005208 0.005208
0 0.867188 0.398438 0.005208 0.005208
0 0.546875 0.401042 0.010417 0.010417
0 0.872396 0.388021 0.005208 0.005208
0 0.867188 0.377604 0.005208 0.005208
0 0.570312 0.229167 0.005208 0.208333
0 0.554688 0.122396 0.005208 0.005208
0 0.861979 0.117188 0.005208 0.005208
0 0.544271 0.117188 0.005208 0.005208
0 0.562500 0.111979 0.020833 0.015625
0 0.867188 0.101562 0.005208 0.005208
0 0.567708 0.101562 0.010417 0.005208
0 0.544271 0.101562 0.005208 0.005208
0 0.554688 0.096354 0.005208 0.005208
0 0.867188 0.091146 0.005208 0.005208
0 0.572917 0.085938 0.020833 0.015625
0 0.559896 0.083333 0.015625 0.010417
0 0.708333 0.244792 0.302083 0.343750
0 0.585938 0.065104 0.005208 0.005208
0 0.617188 0.046875 0.005208 0.010417
0 0.591146 0.044271 0.005208 0.005208
