0 0.742188 0.539062 0.005208 0.005208
0 0.721354 0.539062 0.005208 0.005208
0 0.908854 0.528646 0.005208 0.005208
0 0.726562 0.528646 0.005208 0.005208
0 0.914062 0.518229 0.005208 0.005208
0 0.716146 0.502604 0.005208 0.005208
0 0.908854 0.372396 0.005208 0.005208
0 0.710938 0.367188 0.005208 0.005208
0 0.716146 0.356771 0.005208 0.005208
0 0.893229 0.335938 0.005208 0.005208
0 0.882812 0.335938 0.005208 0.005208
0 0.789062 0.335938 0.005208 0.005208
0 0.763021 0.335938 0.005208 0.005208
0 0.830729 0.320312 0.088542 0.005208
0 0.755208 0.322917 0.031250 0.010417
0 0.809896 0.427083 0.203125 0.218750
0 0.747396 0.294271 0.005208 0.005208
0 0.726562 0.294271 0.005208 0.005208
