0 0.427083 0.372396 0.010417 0.005208
0 0.442708 0.361979 0.010417 0.005208
0 0.437500 0.351562 0.010417 0.005208
0 0.419271 0.346354 0.005208 0.005208
0 0.442708 0.341146 0.010417 0.005208
0 0.822917 0.179688 0.010417 0.286458
0 0.828125 0.028646 0.010417 0.005208
0 0.460938 0.028646 0.005208 0.005208
0 0.830729 0.018229 0.005208 0.005208
0 0.799479 0.018229 0.005208 0.005208
0 0.460938 0.018229 0.005208 0.005208
0 0.476562 0.020833 0.015625 0.020833
0 0.825521 0.007812 0.005208 0.005208
0 0.492188 0.013021 0.015625 0.015625
0 0.640625 0.187500 0.385417 0.375000
0 0.799479 0.002604 0.005208 0.005208
