0 0.513021 0.414062 0.005208 0.005208
0 0.403646 0.408854 0.005208 0.005208
0 0.528646 0.403646 0.005208 0.005208
0 0.377604 0.403646 0.005208 0.005208
0 0.518229 0.401042 0.005208 0.010417
0 0.377604 0.335938 0.005208 0.005208
0 0.382812 0.247396 0.005208 0.005208
0 0.460938 0.195312 0.005208 0.005208
0 0.408854 0.187500 0.005208 0.010417
0 0.398438 0.184896 0.005208 0.005208
0 0.453125 0.286458 0.177083 0.218750
0 0.536458 0.177083 0.010417 0.010417
0 0.502604 0.174479 0.005208 0.005208
0 0.403646 0.174479 0.005208 0.005208
0 0.382812 0.177083 0.005208 0.010417
0 0.523438 0.169271 0.005208 0.005208
