0 0.276042 0.580729 0.010417 0.005208
0 0.234375 0.575521 0.010417 0.005208
0 0.127604 0.575521 0.005208 0.005208
0 0.286458 0.575521 0.010417 0.015625
0 0.218750 0.565104 0.010417 0.005208
0 0.231771 0.559896 0.005208 0.005208
0 0.281250 0.557292 0.010417 0.010417
0 0.164062 0.554688 0.005208 0.005208
0 0.226562 0.549479 0.005208 0.005208
0 0.289062 0.502604 0.005208 0.005208
0 0.091146 0.388021 0.005208 0.005208
0 0.184896 0.372396 0.046875 0.005208
0 0.164062 0.361979 0.005208 0.005208
0 0.278646 0.356771 0.005208 0.005208
0 0.226562 0.356771 0.005208 0.005208
0 0.200521 0.466146 0.182292 0.223958
0 0.158854 0.351562 0.005208 0.005208
0 0.263021 0.346354 0.005208 0.005208
0 0.127604 0.341146 0.005208 0.005208
0 0.143229 0.335938 0.005208 0.005208
