0 0.794271 0.700521 0.005208 0.005208
0 0.596354 0.700521 0.005208 0.005208
0 0.611979 0.684896 0.005208 0.005208
0 0.825521 0.682292 0.005208 0.010417
0 0.544271 0.664062 0.005208 0.005208
0 0.544271 0.653646 0.005208 0.005208
0 0.554688 0.643229 0.005208 0.005208
0 0.567708 0.638021 0.010417 0.005208
0 0.544271 0.638021 0.005208 0.005208
0 0.554688 0.632812 0.005208 0.005208
0 0.554688 0.455729 0.005208 0.005208
0 0.822917 0.434896 0.010417 0.005208
0 0.546875 0.437500 0.010417 0.010417
0 0.820312 0.424479 0.005208 0.005208
0 0.554688 0.411458 0.015625 0.010417
0 0.708333 0.401042 0.187500 0.010417
0 0.554688 0.398438 0.005208 0.005208
0 0.687500 0.549479 0.281250 0.317708
0 0.565104 0.395833 0.005208 0.010417
0 0.549479 0.388021 0.005208 0.005208
0 0.596354 0.382812 0.005208 0.005208
0 0.570312 0.377604 0.005208 0.005208
