0 0.361979 0.705729 0.005208 0.005208
0 0.200521 0.705729 0.005208 0.005208
0 0.190104 0.705729 0.005208 0.005208
0 0.299479 0.697917 0.015625 0.020833
0 0.367188 0.684896 0.005208 0.005208
0 0.361979 0.648438 0.005208 0.005208
0 0.216146 0.632812 0.005208 0.005208
0 0.203125 0.632812 0.010417 0.005208
0 0.356771 0.630208 0.005208 0.010417
0 0.179688 0.580729 0.005208 0.005208
0 0.367188 0.575521 0.005208 0.005208
0 0.372396 0.549479 0.005208 0.005208
0 0.356771 0.531250 0.005208 0.010417
0 0.276042 0.617188 0.177083 0.182292
0 0.369792 0.526042 0.010417 0.010417
0 0.341146 0.523438 0.005208 0.005208
0 0.247396 0.518229 0.005208 0.005208
0 0.236979 0.518229 0.005208 0.005208
0 0.372396 0.507812 0.005208 0.005208
0 0.247396 0.507812 0.005208 0.005208
0 0.236979 0.507812 0.005208 0.005208
0 0.218750 0.513021 0.010417 0.015625
0 0.346354 0.507812 0.015625 0.015625
