0 0.403646 0.205729 0.005208 0.005208
0 0.388021 0.205729 0.005208 0.005208
0 0.523438 0.200521 0.005208 0.005208
0 0.513021 0.190104 0.005208 0.005208
0 0.437500 0.177083 0.010417 0.010417
0 0.502604 0.158854 0.005208 0.005208
0 0.442708 0.158854 0.010417 0.005208
0 0.559896 0.153646 0.005208 0.005208
0 0.546875 0.153646 0.010417 0.005208
0 0.570312 0.148438 0.005208 0.005208
0 0.572917 0.130208 0.010417 0.010417
0 0.554688 0.127604 0.005208 0.005208
0 0.390625 0.075521 0.010417 0.005208
0 0.377604 0.070312 0.005208 0.005208
0 0.393229 0.065104 0.005208 0.005208
0 0.403646 0.093750 0.005208 0.072917
0 0.580729 0.033854 0.005208 0.005208
0 0.570312 0.028646 0.005208 0.005208
0 0.562500 0.018229 0.010417 0.005208
0 0.385417 0.015625 0.010417 0.010417
0 0.570312 0.007812 0.005208 0.005208
0 0.468750 0.093750 0.187500 0.177083
0 0.408854 0.007812 0.005208 0.005208
0 0.557292 0.002604 0.010417 0.005208
0 0.393229 0.002604 0.005208 0.005208
