0 0.125000 0.559896 0.250000 0.005208
0 0.252604 0.544271 0.005208 0.005208
0 0.309896 0.533854 0.005208 0.005208
0 0.328125 0.533854 0.010417 0.015625
0 0.302083 0.523438 0.010417 0.005208
0 0.322917 0.520833 0.010417 0.010417
0 0.309896 0.507812 0.026042 0.015625
0 0.309896 0.408854 0.026042 0.015625
0 0.322917 0.395833 0.010417 0.010417
0 0.302083 0.393229 0.010417 0.005208
0 0.309896 0.382812 0.005208 0.005208
0 0.328125 0.382812 0.010417 0.015625
0 0.252604 0.372396 0.005208 0.005208
0 0.153646 0.458333 0.307292 0.208333
0 0.125000 0.356771 0.250000 0.005208
