0 0.861979 0.914062 0.005208 0.005208
0 0.617188 0.914062 0.005208 0.005208
0 0.585938 0.914062 0.005208 0.005208
0 0.872396 0.903646 0.005208 0.005208
0 0.585938 0.903646 0.005208 0.005208
0 0.867188 0.888021 0.005208 0.005208
0 0.588542 0.890625 0.010417 0.010417
0 0.856771 0.877604 0.005208 0.005208
0 0.591146 0.877604 0.005208 0.005208
0 0.841146 0.705729 0.005208 0.005208
0 0.856771 0.700521 0.005208 0.005208
0 0.588542 0.703125 0.010417 0.010417
0 0.867188 0.700521 0.005208 0.015625
0 0.585938 0.690104 0.005208 0.005208
0 0.872396 0.679688 0.005208 0.005208
0 0.588542 0.677083 0.010417 0.010417
0 0.617188 0.669271 0.005208 0.005208
0 0.723958 0.791667 0.260417 0.250000
