0 0.139821 0.822443 0.000357 0.000568
0 0.138393 0.822443 0.000357 0.000568
0 0.139107 0.822159 0.000357 0.001136
0 0.115179 0.821875 0.001071 0.001705
0 0.114464 0.821307 0.000357 0.000568
0 0.139821 0.820739 0.000357 0.000568
0 0.139821 0.818466 0.000357 0.000568
0 0.139821 0.804261 0.000357 0.000568
0 0.139821 0.801989 0.000357 0.000568
0 0.114464 0.801420 0.000357 0.000568
0 0.139821 0.800284 0.000357 0.000568
0 0.139107 0.800568 0.000357 0.001136
0 0.138393 0.800284 0.000357 0.000568
0 0.126964 0.811364 0.025357 0.022727
0 0.115179 0.800852 0.001071 0.001705
