0 0.184896 0.164062 0.005208 0.005208
0 0.013021 0.164062 0.005208 0.005208
0 0.023438 0.158854 0.005208 0.005208
0 0.223958 0.153646 0.010417 0.005208
0 0.236979 0.148438 0.005208 0.005208
0 0.015625 0.145833 0.010417 0.010417
0 0.130208 0.148438 0.104167 0.026042
0 0.236979 0.132812 0.005208 0.005208
0 0.005208 0.138021 0.010417 0.015625
0 0.247396 0.127604 0.005208 0.005208
0 0.002604 0.117188 0.005208 0.005208
0 0.018229 0.106771 0.005208 0.005208
0 0.007812 0.104167 0.005208 0.010417
0 0.007812 0.085938 0.005208 0.005208
0 0.221354 0.041667 0.005208 0.083333
0 0.119792 0.083333 0.218750 0.166667
