0 0.638021 0.372396 0.005208 0.005208
0 0.367188 0.372396 0.005208 0.005208
0 0.664062 0.367188 0.005208 0.005208
0 0.377604 0.367188 0.005208 0.005208
0 0.640625 0.361979 0.010417 0.005208
0 0.627604 0.361979 0.005208 0.005208
0 0.343750 0.364583 0.010417 0.010417
0 0.664062 0.351562 0.005208 0.005208
0 0.346354 0.343750 0.015625 0.010417
0 0.664062 0.335938 0.005208 0.005208
0 0.335938 0.330729 0.005208 0.005208
0 0.341146 0.315104 0.005208 0.005208
0 0.356771 0.307292 0.005208 0.010417
0 0.361979 0.294271 0.005208 0.005208
0 0.346354 0.294271 0.005208 0.005208
0 0.335938 0.039062 0.005208 0.005208
0 0.348958 0.031250 0.010417 0.010417
0 0.343750 0.020833 0.010417 0.010417
0 0.640625 0.013021 0.010417 0.005208
0 0.658854 0.010417 0.015625 0.010417
0 0.351562 0.007812 0.005208 0.005208
0 0.505208 0.182292 0.302083 0.364583
