0 0.658854 0.497396 0.005208 0.005208
0 0.484375 0.494792 0.010417 0.010417
0 0.664062 0.486979 0.005208 0.005208
0 0.651042 0.489583 0.010417 0.010417
0 0.460938 0.486979 0.005208 0.005208
0 0.705729 0.445312 0.005208 0.005208
0 0.460938 0.424479 0.005208 0.005208
0 0.466146 0.375000 0.005208 0.083333
0 0.526042 0.268229 0.010417 0.005208
0 0.515625 0.257812 0.010417 0.005208
0 0.638021 0.252604 0.005208 0.005208
0 0.502604 0.252604 0.005208 0.005208
0 0.567708 0.372396 0.218750 0.244792
0 0.463542 0.255208 0.010417 0.010417
