0 0.721354 0.705729 0.005208 0.005208
0 0.895833 0.703125 0.010417 0.010417
0 0.760417 0.700521 0.010417 0.005208
0 0.747396 0.700521 0.005208 0.005208
0 0.731771 0.700521 0.005208 0.005208
0 0.945312 0.674479 0.005208 0.005208
0 0.955729 0.669271 0.005208 0.005208
0 0.710938 0.658854 0.005208 0.005208
0 0.718750 0.588542 0.020833 0.093750
0 0.710938 0.539062 0.005208 0.005208
0 0.914062 0.533854 0.005208 0.005208
0 0.908854 0.476562 0.005208 0.005208
0 0.820312 0.585938 0.223958 0.223958
0 0.906250 0.466146 0.010417 0.005208
0 0.893229 0.466146 0.005208 0.005208
0 0.747396 0.466146 0.005208 0.005208
0 0.710938 0.466146 0.005208 0.005208
0 0.880208 0.466146 0.010417 0.015625
0 0.736979 0.463542 0.005208 0.010417
0 0.723958 0.466146 0.010417 0.015625
